param liczba_scenariuszy := 1000;

param koszt_dodatkowego_mw: T1 T2 T3 :=
	1 2.369744 3.781256 1.134698
	2 2.671612 1.698941 3.376572
	3 3.028807 1.835408 1.082993
	4 1.196862 4.067011 4.231993
	5 1.739105 3.939888 4.195082
	6 2.501709 4.066995 3.155628
	7 3.141466 1.59192 2.208476
	8 1.818797 2.570719 1.297639
	9 2.993546 1.095394 3.085584
	10 3.357736 2.739784 1.07475
	11 1.407987 3.216315 4.347164
	12 3.270016 1.538706 2.816424
	13 1.647553 1.986992 4.657482
	14 2.483091 3.131922 2.014171
	15 1.185872 1.180437 4.595698
	16 1.473179 3.57896 4.572123
	17 2.495116 3.223201 1.29961
	18 2.823727 2.738796 2.644879
	19 3.029102 3.823621 2.845036
	20 1.125071 3.88805 2.272419
	21 2.486924 2.52573 3.260014
	22 2.543415 3.245757 3.017388
	23 1.174399 4.720455 2.908221
	24 1.709779 4.751756 4.505638
	25 2.689284 1.270351 1.298608
	26 3.262696 1.573083 2.547485
	27 2.814065 2.440014 1.045145
	28 2.089165 3.984548 2.738291
	29 2.283959 2.631323 1.527385
	30 2.637268 1.57702 3.827264
	31 2.195066 2.330233 4.606893
	32 3.597097 2.533136 3.167178
	33 1.69087 4.230758 4.797132
	34 2.818812 4.462204 2.782316
	35 2.525788 1.303315 4.507463
	36 2.049563 3.915634 2.639463
	37 2.072427 3.482026 3.795531
	38 2.140601 4.375057 3.6351
	39 2.60778 2.666006 4.543306
	40 2.280454 2.442478 2.994336
	41 1.846837 3.806692 3.853699
	42 2.955666 2.153278 3.505239
	43 3.17734 1.836182 4.516157
	44 4.278254 1.546818 2.066702
	45 2.165816 2.040713 4.784702
	46 2.139272 4.2412 2.105965
	47 2.655867 2.6367 3.037093
	48 3.427036 2.099137 1.736905
	49 2.289363 1.11111 3.874789
	50 2.333232 3.044901 3.584657
	51 3.321038 1.776135 2.288453
	52 3.350019 4.885479 1.544601
	53 2.350586 2.190929 4.529137
	54 3.025307 2.387522 3.106778
	55 2.694186 3.4059 4.206413
	56 2.780958 4.046279 3.647578
	57 2.553564 2.696481 2.967537
	58 2.205772 2.524856 2.708878
	59 2.472476 3.084139 2.006878
	60 3.040287 3.462426 1.856568
	61 2.033867 2.521892 2.477054
	62 2.086094 1.732353 3.038383
	63 2.852925 3.197262 2.762061
	64 2.606015 4.07513 4.180887
	65 1.325211 2.330099 4.980721
	66 2.360967 3.90503 1.38416
	67 3.820997 4.707133 1.561909
	68 1.811065 3.024046 4.990977
	69 2.919712 1.783617 4.128782
	70 3.220996 3.547545 3.039231
	71 2.349998 1.131136 3.014594
	72 3.027005 1.176331 3.640754
	73 1.548084 2.49329 3.865724
	74 2.322259 1.940952 4.523925
	75 2.242218 3.171434 2.296491
	76 3.114538 1.23669 2.107494
	77 2.779086 4.892265 2.069893
	78 2.358299 4.987767 2.099136
	79 2.190029 1.402505 3.065619
	80 2.912638 1.534862 3.27134
	81 2.499089 2.454741 2.579367
	82 3.000989 2.012801 4.380994
	83 3.17707 4.078778 2.432599
	84 1.709779 2.705144 4.54732
	85 3.451056 2.259881 2.138491
	86 1.590026 1.157631 3.627152
	87 2.391353 3.244756 2.330096
	88 2.821461 2.79209 3.541076
	89 2.78191 2.173975 3.488326
	90 2.340498 1.352915 4.639702
	91 2.758372 3.474348 2.477709
	92 2.786505 2.798135 3.746961
	93 2.487188 2.716716 4.5686
	94 4.266644 2.238961 2.450317
	95 3.29288 3.683519 3.277394
	96 2.89123 1.478791 2.237565
	97 2.039635 1.801839 4.935468
	98 2.257762 1.090191 4.024246
	99 2.837468 2.413928 2.378963
	100 2.013532 2.799249 3.757953
	101 2.844 1.502688 1.749895
	102 3.032879 4.964186 2.303024
	103 2.552563 4.649199 1.062711
	104 3.232067 1.591596 1.489356
	105 2.42513 2.607901 2.197099
	106 2.775034 1.693713 2.993699
	107 3.146312 2.971968 1.40249
	108 2.933679 4.490811 3.420281
	109 1.451731 2.942775 2.952091
	110 2.447851 2.703064 4.199519
	111 4.045523 1.284936 2.31424
	112 2.43935 3.071196 2.394733
	113 1.954812 1.404067 2.582402
	114 1.741362 4.72118 4.157604
	115 2.108252 2.323781 4.442827
	116 3.13929 1.529082 2.011532
	117 2.805461 4.861882 1.540627
	118 3.30295 2.765502 3.333028
	119 2.666462 4.766083 2.962007
	120 2.21715 2.243994 2.780647
	121 2.312338 1.643659 4.188868
	122 3.050001 3.879416 4.295097
	123 1.481143 3.169906 4.465426
	124 2.673451 1.202274 2.986756
	125 2.450881 1.123899 3.495305
	126 2.631432 4.280617 3.224259
	127 2.882778 3.727143 1.780897
	128 2.438648 2.259444 2.932255
	129 2.84674 1.945404 4.306874
	130 2.171882 4.622313 3.620028
	131 2.101118 4.341189 4.260981
	132 2.595813 2.668498 2.546275
	133 1.830351 3.122508 3.800165
	134 3.370454 1.184883 1.839163
	135 2.463311 2.628653 2.854648
	136 1.465384 3.588602 4.496092
	137 2.15413 1.237663 4.382088
	138 2.322335 1.636986 4.750986
	139 1.72667 1.31618 2.709954
	140 3.487284 1.437295 2.597359
	141 2.073398 3.542819 4.359075
	142 2.410881 4.991427 1.060534
	143 2.322398 1.484691 1.783089
	144 2.537226 2.538146 4.116352
	145 3.336772 1.364658 2.639196
	146 1.606592 1.635058 4.577627
	147 2.429643 2.470504 3.761885
	148 2.669231 4.706709 2.105503
	149 1.692967 1.889104 3.130466
	150 2.423684 1.272891 3.675307
	151 3.485998 2.024452 1.795987
	152 3.027567 1.037579 2.122554
	153 2.524344 4.36852 3.273823
	154 2.230169 4.159199 2.055105
	155 3.415544 4.610459 4.929631
	156 2.801401 1.871991 2.105767
	157 1.863651 4.439073 3.007321
	158 2.76016 2.366678 1.653512
	159 2.926804 1.460065 4.292309
	160 3.119716 3.552713 1.979703
	161 1.71732 3.718523 4.367024
	162 2.769017 1.670491 3.406551
	163 2.139385 1.451994 1.51031
	164 1.543791 4.885164 2.576732
	165 3.181297 1.720893 1.02517
	166 3.090623 2.2616 2.03126
	167 2.481679 4.050042 2.475073
	168 2.224331 3.722013 1.254876
	169 2.344773 2.78706 2.739262
	170 3.188575 1.582067 3.918861
	171 2.957043 1.631806 4.913197
	172 3.341119 4.292098 1.082167
	173 2.461618 3.166069 2.915019
	174 1.868973 2.201466 2.27357
	175 2.137301 1.805103 4.097172
	176 1.479025 2.605417 3.956732
	177 3.220438 2.999823 1.287984
	178 2.058714 3.133649 1.364658
	179 1.942528 3.970281 3.018183
	180 2.243969 2.883231 4.084045
	181 1.463586 4.821497 3.823319
	182 1.153215 4.739034 2.365326
	183 1.78933 1.404805 4.267909
	184 2.870501 1.093792 2.273622
	185 2.666215 3.456362 3.69898
	186 1.581917 4.715682 3.243646
	187 3.808808 3.422672 1.665669
	188 2.237704 1.523788 4.076378
	189 2.069092 4.253965 2.964598
	190 2.47328 4.511163 1.379973
	191 2.351383 4.49782 3.583106
	192 2.819081 2.063931 3.068631
	193 1.597704 2.894029 1.451137
	194 2.368554 2.379435 4.204951
	195 3.323808 3.767908 2.318642
	196 1.898494 3.450533 2.030089
	197 2.545578 4.527436 3.691222
	198 1.987704 2.007306 2.640845
	199 2.908724 1.050117 3.240662
	200 2.142518 3.405012 2.083516
	201 1.350906 1.580841 4.617327
	202 1.352352 3.722716 4.364362
	203 4.184553 3.816009 4.629732
	204 2.120832 1.139277 4.175682
	205 3.234372 2.246462 2.608541
	206 2.984442 1.092481 1.108339
	207 4.137046 2.445082 3.736342
	208 2.374558 2.042505 3.39668
	209 1.552742 2.194142 3.042153
	210 2.184814 1.842884 3.771868
	211 1.450755 3.890108 3.126352
	212 2.175224 2.359213 3.959115
	213 2.834169 2.438695 3.380801
	214 2.456558 2.926646 2.485162
	215 2.878959 1.214769 2.918041
	216 1.885584 2.453456 3.738432
	217 2.101995 3.682942 1.710026
	218 3.242257 3.187449 1.579471
	219 2.924782 1.917325 3.890038
	220 1.329662 3.866941 1.739364
	221 3.30279 2.455836 2.951106
	222 2.989002 1.580755 3.419229
	223 3.073498 3.178267 1.865603
	224 2.461753 3.762674 2.605377
	225 2.001295 2.043806 1.822198
	226 2.82701 3.903055 2.024756
	227 2.324092 4.557543 2.720996
	228 1.064493 3.446462 1.987815
	229 1.453493 4.069106 3.639813
	230 2.442229 4.653003 3.31263
	231 1.618839 1.911665 3.493231
	232 2.054848 2.8873 4.131648
	233 1.431508 2.282274 4.02508
	234 1.202279 2.236672 3.954072
	235 1.621146 4.614177 2.969429
	236 1.919656 4.718152 1.745081
	237 3.008332 4.312391 2.204219
	238 1.470844 2.696626 4.826252
	239 3.441057 4.846363 2.369752
	240 2.852038 1.308931 1.637361
	241 2.312721 1.511602 3.267476
	242 2.41488 2.608976 2.456656
	243 2.975473 3.548473 3.234131
	244 2.847205 1.001729 2.043207
	245 1.18328 2.680867 4.44993
	246 3.820888 3.362547 2.303813
	247 2.859853 2.250873 1.371748
	248 2.302764 3.895857 3.405655
	249 2.9065 1.864277 1.563038
	250 1.551617 4.393445 1.495912
	251 2.076201 4.757309 3.506658
	252 1.439125 4.129507 3.074018
	253 3.334621 1.200729 2.496161
	254 1.705849 2.964455 3.601116
	255 2.79744 1.126787 2.077859
	256 1.908665 4.881681 4.162123
	257 2.330634 1.380249 1.123406
	258 2.118294 4.455339 2.975577
	259 1.945305 3.035584 2.152712
	260 2.455746 1.950683 1.428798
	261 3.618398 2.938119 1.94466
	262 1.4277 4.627123 3.76046
	263 2.424937 2.181175 1.827705
	264 2.486313 4.763984 2.434454
	265 2.813704 3.226168 1.321879
	266 2.2885 4.061222 2.265922
	267 3.399468 1.612863 1.719677
	268 2.362022 4.473735 4.157859
	269 4.128732 2.2436 3.626638
	270 2.507229 1.485103 1.409617
	271 2.46501 1.64499 4.542591
	272 2.167952 3.773047 2.11165
	273 1.820072 3.73565 3.90875
	274 4.023103 1.047257 1.799959
	275 2.639473 1.003522 3.644137
	276 2.461561 2.673358 3.246133
	277 2.081568 2.234662 1.397315
	278 2.395123 1.397597 4.903114
	279 2.117423 3.519151 4.321637
	280 2.149372 1.039691 4.775489
	281 2.362429 2.237216 1.308765
	282 3.013739 2.445389 2.695046
	283 3.126567 1.537499 4.777705
	284 4.299406 1.566836 2.553466
	285 1.624452 2.292921 3.513262
	286 2.445083 2.727969 2.671514
	287 1.992119 2.937837 2.94363
	288 2.466404 3.859089 2.566217
	289 1.883351 3.142456 4.689127
	290 2.326403 3.561956 1.021512
	291 2.807981 1.238339 3.300328
	292 2.610484 1.232488 2.547286
	293 2.12445 2.165274 2.789956
	294 1.193589 3.758828 3.207524
	295 2.332469 3.71042 4.456363
	296 2.53001 3.685293 1.21397
	297 3.272294 1.019483 3.409066
	298 2.428238 4.069635 2.516497
	299 3.072936 1.38132 2.09653
	300 1.609279 4.721905 4.580576
	301 3.66027 1.901913 3.423278
	302 2.640422 1.110191 3.122951
	303 2.27697 3.879211 2.852461
	304 2.749434 1.58104 4.696486
	305 2.045346 1.917505 2.741852
	306 2.822782 2.495968 3.944784
	307 2.210337 2.267473 4.276339
	308 2.531647 2.539762 1.410858
	309 2.738239 2.763923 3.604969
	310 2.308387 4.548892 1.610602
	311 1.776297 3.732267 4.567472
	312 1.668287 1.783848 4.844772
	313 2.252946 1.347046 2.808383
	314 2.313072 4.890281 1.929365
	315 4.14329 1.819169 2.427194
	316 2.408365 2.456804 1.656975
	317 2.608242 2.033767 2.05442
	318 2.866394 1.620978 1.382624
	319 1.950745 4.977825 4.402219
	320 3.328858 1.645186 2.116062
	321 4.242833 2.396426 4.635572
	322 1.436618 4.54607 2.562338
	323 3.045778 3.982452 3.2184
	324 2.802729 2.906167 2.903632
	325 3.707227 3.46108 1.175088
	326 1.584101 2.194956 3.233188
	327 2.624856 4.853779 1.99107
	328 4.452599 1.851593 3.912906
	329 1.768614 2.302263 3.632805
	330 3.434565 3.860552 2.046446
	331 2.150448 2.821051 4.669929
	332 2.874759 2.752267 2.49635
	333 3.103349 2.43348 4.447865
	334 1.809187 1.966764 2.761598
	335 2.700147 4.44998 3.405635
	336 2.345153 2.47355 4.695321
	337 1.617877 3.533762 2.172522
	338 2.394201 1.825049 3.864379
	339 2.980159 3.961855 2.046499
	340 2.33842 4.152787 2.64435
	341 2.236083 3.897739 3.471084
	342 2.014006 1.505049 1.579691
	343 3.88102 2.023158 2.963064
	344 3.132964 3.092563 2.630472
	345 1.485319 2.853391 2.464575
	346 2.177053 4.133985 2.754922
	347 2.261556 3.922259 2.058537
	348 1.91594 3.09734 3.827622
	349 1.574585 4.023372 3.831536
	350 2.086385 1.9237 1.455299
	351 2.102761 4.168405 2.427601
	352 2.221584 1.479091 1.315924
	353 3.060929 1.119286 3.932924
	354 2.194884 1.658412 4.320062
	355 1.976562 3.415567 3.282994
	356 2.640186 4.924349 1.996993
	357 3.065798 3.957687 1.146374
	358 2.047888 4.635748 3.159834
	359 1.566811 2.78587 4.870549
	360 2.9862 2.703447 2.657854
	361 1.825527 2.708224 4.565642
	362 2.962994 4.30473 1.029813
	363 2.464889 2.02488 3.247397
	364 2.095654 4.910989 4.864074
	365 1.256699 3.253559 4.733759
	366 2.433927 1.638858 3.871446
	367 1.86149 4.683398 3.338533
	368 2.145146 1.966107 4.91994
	369 2.787709 4.357659 1.470744
	370 1.546109 2.501124 3.676126
	371 3.186881 4.022015 1.959042
	372 2.511341 2.029459 3.092831
	373 1.830529 1.529218 4.83074
	374 2.83983 3.907916 2.109949
	375 2.321229 3.121465 2.878973
	376 3.308372 4.169202 2.901298
	377 2.17871 1.77101 2.655327
	378 2.285195 4.058703 2.589574
	379 2.502217 1.451112 2.009866
	380 2.996972 3.392654 3.861189
	381 1.957554 4.040461 2.153496
	382 1.760558 2.861512 4.037233
	383 2.422428 1.663105 4.1635
	384 2.027207 2.804378 4.55459
	385 2.510336 4.34654 3.954535
	386 2.722945 2.041227 3.942583
	387 4.404709 1.929114 3.063554
	388 2.634495 2.562725 2.712079
	389 2.526203 2.480776 3.274136
	390 2.37401 1.042484 2.05964
	391 1.788083 4.312661 3.506049
	392 1.880535 2.903143 2.710349
	393 2.513475 2.506863 3.408653
	394 1.654539 4.624345 2.470309
	395 2.816647 4.315842 1.466258
	396 1.266268 4.222479 4.902504
	397 2.425501 2.036336 4.372762
	398 2.688077 1.083712 3.993917
	399 3.047637 4.616362 3.737374
	400 2.01479 1.752167 2.572386
	401 3.105929 4.346604 4.217853
	402 1.990823 3.970837 4.469523
	403 2.51945 1.734643 4.876364
	404 2.36889 2.397522 2.404053
	405 2.714617 1.819964 2.105586
	406 2.397611 1.521858 4.535262
	407 2.411129 3.162686 2.118565
	408 2.812233 2.124188 2.40352
	409 2.640179 1.808382 2.351621
	410 2.018479 2.767333 2.298161
	411 2.480143 4.139213 1.937901
	412 4.322574 1.214988 1.297991
	413 2.616589 2.27393 2.328278
	414 1.800519 3.066728 2.518029
	415 1.875714 4.575009 4.004286
	416 3.274985 1.403784 2.040089
	417 1.873877 2.716395 1.914303
	418 3.322588 1.603079 4.226325
	419 2.865425 1.784095 4.438973
	420 1.85531 2.703053 4.173696
	421 1.574884 4.33892 4.826884
	422 2.975052 1.20798 3.760105
	423 2.930384 4.143993 3.701574
	424 2.305178 2.345 4.17356
	425 2.568758 3.684275 3.192827
	426 2.481421 3.913169 1.746399
	427 3.580111 1.15221 3.438184
	428 3.83022 3.359096 1.208638
	429 2.17672 2.129636 3.428479
	430 1.950878 1.323725 2.473879
	431 2.192937 1.760541 4.959332
	432 1.666893 2.764567 3.962437
	433 2.554421 2.796374 2.868275
	434 2.73471 1.856694 1.807261
	435 3.284657 1.074971 1.143997
	436 2.377863 3.991366 2.246305
	437 3.078398 2.348763 2.930516
	438 3.241483 3.262616 2.615752
	439 1.498678 1.626972 2.819477
	440 2.564295 3.692559 1.438373
	441 1.940679 2.944029 1.282361
	442 2.575233 2.281801 1.214324
	443 2.685156 2.887359 2.027125
	444 1.972251 2.271352 4.490968
	445 3.546263 2.583257 2.789425
	446 2.129574 1.318345 4.87591
	447 2.286378 1.616678 3.682631
	448 2.933922 1.989716 3.293991
	449 1.752929 1.862032 4.447759
	450 2.444634 3.225492 1.710971
	451 3.416032 1.200544 3.748246
	452 2.525775 2.019977 3.515344
	453 3.231033 2.055919 3.233256
	454 2.069558 1.181554 4.783981
	455 3.090973 3.026404 3.847169
	456 2.013926 2.778638 2.090391
	457 2.350527 2.744836 1.846732
	458 1.477019 4.77764 4.061265
	459 2.614289 2.333058 2.721051
	460 1.817101 1.284871 1.831792
	461 2.734954 1.891631 4.511005
	462 2.095344 4.34348 1.784103
	463 2.330572 3.364067 4.705234
	464 2.584898 2.100749 3.653911
	465 2.564481 1.411092 1.253918
	466 1.873376 1.792736 4.118719
	467 2.458901 4.15786 2.565179
	468 2.814346 1.549616 3.560822
	469 3.209469 2.657998 3.901341
	470 2.568235 4.049879 1.354135
	471 2.646145 3.864621 2.258607
	472 1.407487 1.432952 4.311045
	473 3.115079 1.093 4.462111
	474 2.653076 1.771864 1.217887
	475 3.095645 1.703373 2.703803
	476 1.355097 4.296619 4.884831
	477 2.852696 2.574152 3.678698
	478 2.134229 1.806157 4.950036
	479 2.373394 3.858739 1.622621
	480 3.024716 4.75204 2.195072
	481 1.989454 1.832087 3.888636
	482 1.754134 1.113566 4.50617
	483 3.836405 1.804845 2.008769
	484 1.486399 2.524488 1.141012
	485 2.331825 3.790487 2.881609
	486 1.420462 2.034725 4.001163
	487 1.547426 2.193309 4.373642
	488 2.635587 4.502761 3.290944
	489 2.981579 2.15315 2.709471
	490 1.474001 4.237656 3.235853
	491 2.157434 4.809036 1.144714
	492 2.251608 4.193116 3.555803
	493 2.062533 3.017947 3.327769
	494 2.59848 1.581337 2.20031
	495 3.001806 2.077236 4.464495
	496 1.979994 1.223976 4.938231
	497 2.621402 2.374776 1.230329
	498 2.596702 3.687823 1.008962
	499 1.958697 3.739477 1.869125
	500 2.653555 2.140417 4.366318
	501 2.057862 1.847652 4.232181
	502 2.606128 2.722938 2.945524
	503 2.882312 2.222407 2.567513
	504 3.116199 1.021545 1.775378
	505 1.126009 1.523513 2.904874
	506 2.426278 3.17456 1.613542
	507 2.442756 1.621803 4.739919
	508 3.401526 1.18915 2.583243
	509 2.573533 2.393763 3.019402
	510 2.284027 3.802137 1.252864
	511 2.226183 2.004895 4.313284
	512 1.709269 4.023125 2.916694
	513 2.380213 2.647342 2.923644
	514 2.344175 1.920008 4.066893
	515 1.692723 2.791184 4.118524
	516 2.575981 2.219821 2.664188
	517 2.246749 4.957389 1.22745
	518 2.716211 1.247368 1.297003
	519 2.680382 1.485974 4.393007
	520 1.358509 2.691967 3.550239
	521 2.548272 2.761657 2.630697
	522 2.000599 2.405013 3.430712
	523 2.501703 2.11306 4.534154
	524 2.054712 1.06475 3.495649
	525 2.914208 4.777987 3.857049
	526 1.947697 2.363217 4.769137
	527 4.10819 4.71782 1.358749
	528 1.147611 3.651776 3.617202
	529 2.416836 1.16787 4.530511
	530 1.992187 2.640163 3.93802
	531 2.924796 1.731429 2.876143
	532 3.597692 2.445646 4.759076
	533 3.390868 2.253863 2.9967
	534 3.334501 4.129562 2.466867
	535 1.887966 2.027568 3.436146
	536 2.48413 2.294963 2.330862
	537 1.968704 4.136562 2.417283
	538 2.877076 3.866909 1.202041
	539 3.174037 1.308565 2.464199
	540 1.592601 3.345903 1.972775
	541 2.945096 3.305677 1.449915
	542 2.690235 1.328874 3.832385
	543 1.721055 4.949639 3.33556
	544 2.814704 1.539582 4.551257
	545 1.092243 3.926154 3.270436
	546 1.945468 4.258811 2.204933
	547 3.004719 1.326724 2.751102
	548 3.400564 1.217648 4.395082
	549 2.343792 3.497411 2.401188
	550 2.545779 1.319992 2.777624
	551 3.518373 1.835171 2.028857
	552 1.385724 4.458483 3.039534
	553 1.861008 4.766933 3.277368
	554 2.469418 3.486908 3.571895
	555 2.528973 3.403993 2.515862
	556 2.030552 1.687087 3.657648
	557 1.554262 2.030936 4.354665
	558 2.749688 3.725985 1.834031
	559 2.122234 2.413074 3.408435
	560 2.267384 4.535549 2.717479
	561 2.289629 3.99446 2.74346
	562 1.060438 4.459576 3.932351
	563 3.104201 1.754676 1.362997
	564 2.591958 4.749575 3.152735
	565 2.238707 3.732097 2.819398
	566 2.638237 4.026265 4.449467
	567 2.195412 4.753107 1.916548
	568 2.949302 1.190144 2.097681
	569 2.327536 4.847811 2.919495
	570 2.350926 2.27978 1.769408
	571 2.720845 4.437888 4.0086
	572 1.523019 3.724717 4.556713
	573 2.452915 1.998177 3.121207
	574 2.756972 3.262351 1.522846
	575 2.396478 1.995669 1.820908
	576 3.015084 3.140718 2.801795
	577 2.436276 2.77182 1.673618
	578 1.659986 2.445528 3.66644
	579 2.468986 4.149234 2.762412
	580 3.033003 3.07089 2.278164
	581 2.151581 1.53631 4.97761
	582 2.72096 2.115297 4.224542
	583 3.386115 1.18058 3.33829
	584 2.309177 4.052833 4.536354
	585 2.23788 3.098206 4.970295
	586 2.520243 1.352798 3.590684
	587 2.992633 3.731298 2.92951
	588 2.458525 1.008507 4.794961
	589 1.972481 2.495597 4.576245
	590 2.924207 3.28267 1.83326
	591 2.350468 3.52099 3.184603
	592 3.068298 3.366586 1.487796
	593 2.265859 2.531948 3.736397
	594 1.433169 1.508759 4.012177
	595 2.562081 3.090096 1.847304
	596 2.392862 2.743506 3.24433
	597 1.83036 3.925883 1.652972
	598 2.37465 3.657487 1.785956
	599 1.592591 2.403379 3.660347
	600 2.624017 1.050476 2.827628
	601 2.802583 4.418456 1.10274
	602 2.386934 4.317538 2.748463
	603 1.872862 2.885298 3.769933
	604 3.570767 2.067426 1.226599
	605 2.147799 2.420949 1.797054
	606 1.635937 3.975569 1.308961
	607 2.626324 4.801748 2.529039
	608 2.73636 1.653669 1.518022
	609 1.56807 4.224325 2.678516
	610 3.195908 2.860096 2.532173
	611 2.358905 3.478271 3.049024
	612 2.564931 1.695091 3.552512
	613 1.986807 2.503548 2.032873
	614 3.157704 1.656811 2.457152
	615 1.645227 3.567408 4.178858
	616 3.013317 2.678347 2.787835
	617 3.23227 1.640074 3.146816
	618 1.208841 2.911682 4.759698
	619 2.264404 2.400605 2.306165
	620 2.934605 1.927548 2.76072
	621 2.680783 3.509797 2.272326
	622 2.379802 2.028494 3.294738
	623 2.051388 4.127348 3.305535
	624 2.828716 2.011847 1.828292
	625 2.805267 1.271025 2.622023
	626 2.997742 1.506352 2.610699
	627 2.256594 3.477133 1.70037
	628 2.494977 2.96432 2.168951
	629 2.159783 2.566183 2.876234
	630 2.872281 2.101641 2.64022
	631 1.041846 2.117552 4.937468
	632 2.312475 4.333839 1.258562
	633 2.213249 3.478205 2.997746
	634 3.157688 2.456562 1.265961
	635 1.696848 3.1012 3.197991
	636 2.208914 2.3799 1.505928
	637 2.946847 2.424796 4.289239
	638 2.808496 1.836059 4.301317
	639 2.580281 1.934512 4.74396
	640 2.394717 4.555122 2.785983
	641 2.873914 2.156945 3.411407
	642 2.730016 1.341086 4.067504
	643 1.512071 1.359191 4.892784
	644 1.74639 3.302737 2.56827
	645 3.779956 2.335966 2.89759
	646 3.407755 3.319864 1.141249
	647 1.73188 4.691463 3.573173
	648 4.17402 3.62094 1.24115
	649 2.519848 1.35902 2.763958
	650 2.400421 2.464347 4.21844
	651 2.170165 3.799793 3.536573
	652 2.822328 4.894888 2.135029
	653 3.317635 1.091754 4.134594
	654 2.864732 1.679524 2.289443
	655 2.466259 1.92543 1.608654
	656 3.683199 3.881867 1.050758
	657 2.285635 1.878481 4.172281
	658 3.136608 4.073414 2.029056
	659 2.72782 2.680287 4.763626
	660 2.063338 3.09208 4.635193
	661 2.386829 1.181105 3.194148
	662 1.848786 4.108697 2.948126
	663 3.119886 4.948278 2.423628
	664 2.584947 3.461919 4.478273
	665 2.246799 1.239839 3.998242
	666 1.732075 4.958129 4.134018
	667 2.135222 1.789124 2.419752
	668 2.420691 4.585758 1.870247
	669 3.717752 3.811418 2.482867
	670 2.466143 4.494549 4.971196
	671 2.253405 1.43687 3.336938
	672 1.523913 1.693147 4.130155
	673 1.196346 4.710176 2.686178
	674 2.558893 4.601752 2.570482
	675 2.622133 4.881258 3.52257
	676 2.002655 1.333961 1.936921
	677 3.26563 1.346969 1.022917
	678 2.115103 1.65942 3.182813
	679 1.614822 2.20857 4.93289
	680 1.762817 2.897308 4.297405
	681 2.399632 4.059782 2.189134
	682 2.29282 2.066361 1.94718
	683 3.559651 2.360843 1.002678
	684 2.733081 4.40203 3.070132
	685 1.805267 3.950697 3.104394
	686 2.784992 3.916877 2.840431
	687 3.390895 3.19339 1.188118
	688 1.482125 3.126003 4.529449
	689 1.935064 3.233656 2.250406
	690 3.542909 4.075002 3.612798
	691 2.09973 4.122584 2.157742
	692 2.072262 4.190937 3.731855
	693 2.138801 4.03798 2.654367
	694 1.605111 2.345877 4.25408
	695 2.790079 2.63842 1.609202
	696 2.32101 3.891986 1.807569
	697 3.181794 2.350568 1.746615
	698 2.011631 4.061782 4.120924
	699 1.776609 3.496917 4.203564
	700 2.220992 1.637787 4.96769
	701 3.57147 2.275387 3.764765
	702 1.812995 3.525314 3.293702
	703 2.261794 2.182158 3.08437
	704 2.398007 1.573738 3.815833
	705 2.741483 2.309189 3.326204
	706 3.231837 3.2971 2.246818
	707 2.568338 1.568643 4.763993
	708 2.85764 3.372437 1.025977
	709 2.005615 4.045901 3.096634
	710 3.819456 2.069709 2.436534
	711 1.905146 2.720876 4.678036
	712 3.355653 4.858811 3.749012
	713 1.623209 3.133707 2.948973
	714 2.105404 1.3915 3.913837
	715 2.024409 2.856289 4.467493
	716 3.151773 4.366944 1.911071
	717 3.683883 4.706562 2.750777
	718 2.264327 4.428848 2.470561
	719 2.740847 1.611338 1.645413
	720 2.623209 2.104552 2.418413
	721 1.464017 3.090517 4.209006
	722 2.803074 1.440085 2.715814
	723 1.424901 1.836828 1.28245
	724 2.784277 1.064672 2.199954
	725 1.038251 1.687434 4.024161
	726 1.960081 4.700653 3.964401
	727 2.313955 1.435439 4.952455
	728 2.178509 2.535343 3.788752
	729 2.818395 3.067725 1.616683
	730 2.017502 4.720643 1.217184
	731 1.000426 3.505755 4.948944
	732 2.625643 2.108336 3.269279
	733 2.102576 2.359587 4.551973
	734 2.095724 2.647012 1.748744
	735 1.847491 2.461301 4.456978
	736 2.162451 1.369653 4.632345
	737 2.404451 2.494406 4.734865
	738 3.420441 3.825699 3.014089
	739 2.482639 1.128524 3.648922
	740 2.371666 2.599216 2.839238
	741 2.3627 1.63668 3.854045
	742 2.962892 4.304131 1.202917
	743 2.33162 2.834361 3.075843
	744 2.116839 2.510846 4.747044
	745 2.430296 2.839272 3.221974
	746 2.563014 1.629257 2.834682
	747 1.399065 2.905158 1.738008
	748 2.314884 3.591418 4.584474
	749 1.084893 2.569208 4.537658
	750 2.112119 4.496424 4.714651
	751 3.037177 1.673925 1.819259
	752 1.307066 2.325372 2.919395
	753 3.611578 2.012759 2.388166
	754 1.928281 3.638485 4.288706
	755 2.133253 4.651235 4.280207
	756 2.411946 3.969148 3.813672
	757 1.664741 4.538625 2.783971
	758 2.744927 1.707802 2.73811
	759 2.651797 2.367025 4.751187
	760 3.173443 1.21216 4.523506
	761 1.540785 4.270941 4.044948
	762 2.662711 1.206084 3.448597
	763 2.399001 1.759578 2.298184
	764 1.921981 4.321163 2.31964
	765 1.442029 3.97282 1.801439
	766 1.681746 4.407821 4.311852
	767 2.654973 2.896091 3.287191
	768 2.310835 2.622253 1.149875
	769 2.957059 4.418713 1.016058
	770 2.346247 3.788222 4.135557
	771 2.074621 3.744648 2.226969
	772 2.488807 4.334134 2.518515
	773 2.381965 3.274299 3.703247
	774 2.161888 3.692316 2.386087
	775 1.805893 3.068357 4.03406
	776 2.277221 1.926535 4.744797
	777 2.796166 2.605393 2.472969
	778 1.901338 3.992031 4.469108
	779 2.095532 2.62909 2.589951
	780 1.40837 4.786744 3.329431
	781 1.681055 4.310904 4.764262
	782 1.745068 4.029995 3.749093
	783 2.363117 3.530388 4.023013
	784 2.822901 4.79676 2.889925
	785 2.578973 2.328733 4.381601
	786 2.352008 2.950423 4.130209
	787 2.064847 3.133392 2.823044
	788 3.284182 1.105383 3.120355
	789 1.843307 3.094766 3.154988
	790 1.380912 2.931016 4.446631
	791 1.872468 2.791546 4.972437
	792 3.01429 2.050895 3.973422
	793 2.628983 2.79932 3.219582
	794 3.78433 3.437954 2.520764
	795 2.425862 3.525376 4.377428
	796 3.330746 1.448905 1.385004
	797 3.526731 1.665081 2.774069
	798 1.658549 2.156051 4.257009
	799 1.826836 4.311027 3.249635
	800 4.349186 2.090292 1.323463
	801 2.046351 4.529806 1.339042
	802 1.825465 4.691557 4.444514
	803 2.020415 2.565477 3.480619
	804 2.389668 3.502261 4.536761
	805 2.975599 4.364992 1.318518
	806 1.756689 2.911643 2.93898
	807 2.276235 4.234575 3.515295
	808 2.463129 3.891961 2.622071
	809 1.183045 2.298454 2.507939
	810 2.656662 2.408215 2.359384
	811 2.384164 3.078836 3.770001
	812 3.071018 1.577334 3.408058
	813 3.460606 2.193772 1.942986
	814 2.378171 4.419381 2.990309
	815 2.021892 2.732505 3.268921
	816 2.175297 2.762223 2.479989
	817 1.884326 3.129309 4.948836
	818 3.125647 1.389205 3.566617
	819 3.046196 2.324405 1.921309
	820 2.655833 3.666263 3.319909
	821 2.320268 4.651773 4.681569
	822 2.184095 3.977132 3.632519
	823 1.822908 4.282225 2.238019
	824 3.382814 2.686147 1.752032
	825 3.524537 1.632798 4.737643
	826 1.700472 4.811526 4.418175
	827 2.576048 1.712761 1.784241
	828 2.398266 1.309876 1.617659
	829 3.357579 3.611288 2.775031
	830 2.008612 1.574761 4.242247
	831 1.555193 4.067253 3.393713
	832 1.260054 2.086538 3.219725
	833 2.105796 2.880808 3.651677
	834 2.771277 1.243128 4.590062
	835 3.556173 2.041951 1.264671
	836 1.23741 1.638504 3.917927
	837 2.295989 4.478621 2.812322
	838 2.749497 4.069646 4.484736
	839 2.059641 1.998233 4.284118
	840 3.212703 2.565281 1.16666
	841 2.875838 2.016494 3.692368
	842 1.821456 2.738894 4.930551
	843 3.878761 4.953399 1.95943
	844 1.579606 3.054528 4.325493
	845 3.27917 1.529513 1.507792
	846 2.432965 2.463513 4.175142
	847 2.521984 3.854721 2.720805
	848 2.596824 2.355457 3.521748
	849 2.425314 2.232438 3.089177
	850 2.877229 1.178668 3.413095
	851 3.713235 3.352725 1.096192
	852 1.696481 3.49811 4.760802
	853 1.945456 3.976173 1.611922
	854 1.687423 1.752222 4.569929
	855 2.370914 4.76316 2.571807
	856 3.258353 1.416504 3.923849
	857 2.745163 2.288584 3.344365
	858 1.673727 3.647334 3.964137
	859 2.158004 1.322523 4.455168
	860 2.704982 3.899745 4.173469
	861 2.880266 4.56009 1.778103
	862 2.209314 3.75089 1.28083
	863 2.878062 4.373077 2.978281
	864 2.885709 2.462137 2.372249
	865 4.663309 2.023568 1.889554
	866 2.658567 4.952859 1.335874
	867 3.384432 1.617741 2.699167
	868 1.447398 1.445397 3.975193
	869 2.038174 3.585328 2.674455
	870 2.780555 3.679436 3.729605
	871 2.699667 2.925519 1.055801
	872 2.355554 2.055755 1.65137
	873 1.355751 2.787937 2.624898
	874 2.479095 2.609037 2.225081
	875 2.996093 3.83641 2.076417
	876 1.980268 4.468478 2.602619
	877 2.819662 4.125549 3.911895
	878 2.54125 2.252558 1.467328
	879 3.266279 1.598836 3.045618
	880 1.772144 1.635353 2.846914
	881 3.258752 1.686644 2.722496
	882 2.182277 1.158966 3.710257
	883 4.073746 1.113599 2.103938
	884 3.363424 2.168478 1.569291
	885 1.499041 2.178485 4.011276
	886 2.130264 3.169967 1.73526
	887 2.891845 3.099499 2.188957
	888 3.414251 1.394329 3.404269
	889 2.361458 4.629347 3.807127
	890 2.644908 2.737039 1.200468
	891 1.791614 2.357122 4.362448
	892 2.540839 2.81146 3.540667
	893 2.978674 1.898069 3.345542
	894 2.237949 4.150819 3.541236
	895 3.250861 2.655958 4.525939
	896 1.619622 3.438873 3.808438
	897 2.468519 1.168518 2.029152
	898 3.13961 2.509351 2.073703
	899 2.839527 3.80575 1.586065
	900 3.215773 1.643176 1.024537
	901 2.189947 1.589889 2.830883
	902 2.450665 1.697469 1.255228
	903 2.92347 1.812863 3.549733
	904 3.18675 3.746899 1.850884
	905 1.246856 3.557713 4.666617
	906 3.177384 2.105707 1.602841
	907 2.45687 1.9842 2.77232
	908 1.906674 4.210156 2.853144
	909 1.939384 3.533601 3.055965
	910 3.441772 4.218511 1.697919
	911 2.127632 1.986427 1.746062
	912 2.672469 3.12298 1.17019
	913 2.157877 2.918113 1.33852
	914 2.444697 4.954238 2.763712
	915 2.443229 3.891927 1.164275
	916 2.911478 3.594652 1.66892
	917 1.93898 2.900501 4.215264
	918 3.211314 2.786084 1.909166
	919 2.819779 2.321301 4.773104
	920 3.461241 2.180198 2.634796
	921 2.585401 2.361171 3.1395
	922 2.308957 3.695726 2.658172
	923 2.741746 2.706193 1.34881
	924 1.37109 4.560794 3.375554
	925 2.899938 4.347558 1.745035
	926 4.747612 3.285615 1.161175
	927 2.792553 3.193851 1.741262
	928 2.413933 1.792278 2.004543
	929 2.794518 3.051868 3.181972
	930 1.315737 4.641707 3.864706
	931 1.647723 2.681106 4.064276
	932 2.712615 3.914164 4.070699
	933 2.608542 2.34763 4.89071
	934 1.668011 1.777715 3.860983
	935 3.143495 1.315213 2.834582
	936 2.993263 2.349953 3.523586
	937 2.18251 2.453352 3.003008
	938 1.774425 2.423673 3.090568
	939 3.480125 2.870914 1.704681
	940 1.367332 2.091387 2.892043
	941 3.465332 1.460425 1.486612
	942 2.275116 1.750017 4.742957
	943 2.529719 3.530634 2.192161
	944 3.086061 4.386737 3.684177
	945 1.524644 2.880304 4.926047
	946 4.727404 3.871387 3.382912
	947 2.522571 3.022402 2.072805
	948 3.36343 3.039877 1.723706
	949 2.410419 4.189029 3.813249
	950 2.848279 2.848351 1.834475
	951 2.666472 4.32774 1.620757
	952 2.78324 3.076356 2.059682
	953 1.85717 2.737857 3.73482
	954 2.063467 4.427912 3.465783
	955 1.835765 4.70736 4.848709
	956 3.041209 1.348162 2.611919
	957 3.224336 2.41066 4.601049
	958 1.453643 4.942178 3.204678
	959 2.375461 4.3094 3.476469
	960 1.741097 3.626093 4.10163
	961 1.598857 2.864804 2.112779
	962 2.337361 3.758168 2.794343
	963 3.450872 2.33831 4.155507
	964 2.23071 4.791729 4.968738
	965 1.500184 4.985453 3.639926
	966 2.819052 2.341723 3.414377
	967 1.890578 4.417887 3.974065
	968 2.907542 2.150998 4.552995
	969 3.047438 2.034959 2.298337
	970 2.269375 4.912667 3.35883
	971 2.272546 3.110289 3.199078
	972 2.117103 1.736226 3.09569
	973 2.698493 3.000093 3.207727
	974 1.828249 4.734336 2.255223
	975 3.990978 4.299633 1.341605
	976 2.668315 1.430108 2.254434
	977 2.444384 3.222692 2.380522
	978 2.13331 3.394133 3.65367
	979 3.851989 1.151929 1.279143
	980 2.647012 2.755201 2.452115
	981 2.378569 2.976589 3.447408
	982 2.348434 3.290001 4.634967
	983 1.305347 3.685919 3.155463
	984 2.395767 3.878889 2.362108
	985 4.634478 2.475604 1.587763
	986 1.472995 4.875601 4.785278
	987 2.298416 3.488323 1.234737
	988 1.906392 2.949765 3.206408
	989 2.782607 1.457228 2.465523
	990 3.980741 1.813884 1.135805
	991 2.575839 2.414498 3.511503
	992 2.372459 1.049787 4.390269
	993 2.374111 3.34435 3.26213
	994 1.926294 4.461153 2.132813
	995 2.346737 1.421697 4.382211
	996 2.273349 2.853283 4.643038
	997 2.596781 4.178599 2.608708
	998 2.472792 1.252706 2.535842
	999 2.808823 3.126566 2.744832
	1000 2.780033 4.275523 2.146072
;